-----------------------------------------------------
	|		  |    EMPLOYEES    |       | 
 DEP #  |  EVERAGE SALARY |-----------------| TOTAL |
	|		  |  1  |  2  |  3  |       |
-----------------------------------------------------
      1 |       70000.00 |   0 |   0 |   3 |    3   |
      2 |       22666.67 |   1 |   1 |   1 |    3   |
      3 |       21000.00 |   0 |   1 |   2 |    3   |
      4 |       18500.00 |   1 |   1 |   0 |    2   |
      5 |       20000.00 |   0 |   0 |   1 |    1   |
      6 |           0.00 |   0 |   0 |   0 |    0   |
      7 |           0.00 |   0 |   0 |   0 |    0   |
      8 |           0.00 |   0 |   0 |   0 |    0   |
      9 |           0.00 |   0 |   0 |   0 |    0   |
     10 |           0.00 |   0 |   0 |   0 |    0   |
-----------------------------------------------------
